#
#
#  Percent Identity  Matrix - created by Clustal2.1 
#
#

     1: Staphylococcus_simulans_Cas9                 100.00   95.80   71.19   67.80   67.80   68.64   66.10   70.34   72.03   69.49   48.72   48.72   36.28   34.51   35.40   36.28   33.63   35.40   39.29   34.51   37.17   33.63   38.05   34.51   34.51   33.63   35.40   32.74   32.74   31.90   36.21   35.34   35.34   33.62   32.76   37.72   37.72   36.84   37.72   37.07   36.21   36.84   31.86   32.46   37.72   36.84   36.84   36.28   38.05   38.05
     2: Staphylococcus_piscifermentans_Cas9           95.80  100.00   72.03   67.80   67.80   68.64   66.10   70.34   72.03   69.49   47.86   48.72   37.17   34.51   35.40   36.28   33.63   35.40   39.29   34.51   38.05   33.63   38.94   34.51   34.51   33.63   36.28   33.63   33.63   31.90   35.34   34.48   36.21   33.62   33.62   36.84   36.84   37.72   37.72   37.07   35.34   36.84   32.74   32.46   37.72   36.84   36.84   37.17   38.05   38.05
     3: Staphylococcus_felis_Cas9                     71.19   72.03  100.00   84.75   83.05   83.90   66.10   71.19   72.03   67.80   50.43   51.28   39.82   37.17   38.94   39.82   38.05   38.94   41.07   38.05   40.71   36.28   42.48   38.94   38.94   38.05   39.82   38.94   39.82   36.21   37.07   35.34   37.93   37.07   37.93   40.35   40.35   38.60   38.60   38.79   34.48   35.96   32.74   32.46   37.72   36.84   38.60   37.17   40.71   38.94
     4: Staphylococcus_delphini_Cas9                  67.80   67.80   84.75  100.00   91.53   93.22   64.41   69.49   70.34   66.10   49.57   49.57   42.48   41.59   41.59   41.59   38.94   40.71   44.64   38.94   44.25   39.82   44.25   40.71   41.59   40.71   38.94   39.82   40.71   36.21   37.93   37.07   37.93   37.93   37.07   41.23   41.23   39.47   38.60   40.52   36.21   39.47   37.17   35.09   42.11   41.23   42.11   40.71   46.02   45.13
     5: Staphylococcus_cornubiensis_Cas9              67.80   67.80   83.05   91.53  100.00   94.07   64.41   70.34   71.19   66.95   49.57   48.72   41.59   39.82   40.71   42.48   40.71   41.59   43.75   39.82   40.71   39.82   44.25   40.71   41.59   40.71   39.82   38.94   39.82   37.07   39.66   37.93   38.79   36.21   34.48   40.35   40.35   40.35   37.72   39.66   37.07   41.23   38.94   36.84   43.86   42.11   43.86   41.59   46.02   45.13
     6: Staphylococcus_intermedius_Cas9               68.64   68.64   83.90   93.22   94.07  100.00   63.56   68.64   69.49   66.95   47.86   48.72   42.48   40.71   41.59   43.36   41.59   42.48   43.75   39.82   40.71   39.82   44.25   40.71   41.59   40.71   39.82   38.94   39.82   37.93   39.66   37.93   37.93   36.21   35.34   41.23   41.23   41.23   38.60   40.52   38.79   42.11   40.71   38.60   42.98   42.11   45.61   43.36   47.79   46.02
     7: Macrococcus_brunensis_Cas9                    66.10   66.10   66.10   64.41   64.41   63.56  100.00   77.12   79.66   83.05   49.57   46.15   34.51   34.51   32.74   33.63   30.97   32.74   35.71   34.51   35.40   36.28   36.28   37.17   37.17   36.28   36.28   37.17   38.05   32.76   35.34   34.48   34.48   34.48   36.21   35.09   35.09   36.84   34.21   35.34   36.21   33.33   34.51   34.21   37.72   37.72   40.35   38.94   37.17   39.82
     8: Macrococcus_bohemicus_Cas9                    70.34   70.34   71.19   69.49   70.34   68.64   77.12  100.00   94.92   83.05   53.85   49.57   36.28   37.17   33.63   34.51   33.63   34.51   37.50   34.51   36.28   36.28   37.17   35.40   34.51   33.63   36.28   38.94   38.94   33.62   37.07   36.21   36.21   34.48   36.21   36.84   36.84   38.60   35.96   37.07   37.07   36.84   36.28   35.09   39.47   37.72   39.47   35.40   40.71   42.48
     9: Macrococcus_canis_Cas9                        72.03   72.03   72.03   70.34   71.19   69.49   79.66   94.92  100.00   83.05   52.14   49.57   36.28   36.28   34.51   35.40   33.63   35.40   38.39   34.51   37.17   36.28   38.05   35.40   36.28   34.51   36.28   38.05   38.05   33.62   36.21   36.21   36.21   34.48   36.21   35.96   35.96   40.35   36.84   37.07   37.07   36.84   36.28   35.96   39.47   37.72   40.35   35.40   40.71   41.59
    10: Macrococcus_lamae_Cas9                        69.49   69.49   67.80   66.10   66.95   66.95   83.05   83.05   83.05  100.00   52.14   47.86   35.40   38.05   34.51   34.51   34.51   35.40   35.71   34.51   36.28   35.40   36.28   37.17   36.28   35.40   35.40   37.17   37.17   33.62   34.48   35.34   34.48   35.34   37.07   35.09   35.09   37.72   35.09   35.34   35.34   35.09   35.40   34.21   36.84   35.96   38.60   37.17   38.94   39.82
    11: Planococcus_antarcticus_Cas9                  48.72   47.86   50.43   49.57   49.57   47.86   49.57   53.85   52.14   52.14  100.00   60.17   42.98   46.49   40.35   40.35   38.60   41.23   39.82   42.98   41.23   42.11   43.86   42.11   41.23   42.11   44.74   42.98   45.61   41.03   46.15   44.44   40.17   45.30   43.59   40.87   40.87   39.13   40.00   35.90   41.03   44.35   39.47   36.52   45.22   44.35   40.00   38.60   41.23   42.98
    12: Jeotgalicoccus_aerolatus_Cas9                 48.72   48.72   51.28   49.57   48.72   48.72   46.15   49.57   49.57   47.86   60.17  100.00   39.83   43.22   38.98   38.14   38.14   38.98   40.17   38.98   38.14   38.14   41.53   40.68   40.68   39.83   43.22   43.22   44.07   39.67   38.84   38.02   38.84   41.32   41.32   40.34   39.50   35.29   36.97   35.54   36.36   37.82   33.05   31.09   39.50   39.50   36.13   38.14   37.29   37.29
    13: Enterococcus_timonensis_Cas9                  36.28   37.17   39.82   42.48   41.59   42.48   34.51   36.28   36.28   35.40   42.98   39.83  100.00   70.00   65.00   64.17   63.33   65.00   67.23   64.17   63.33   60.00   59.17   62.50   64.17   65.00   63.33   65.00   65.83   44.17   44.17   43.33   39.17   43.33   44.17   48.31   48.31   50.85   50.85   43.33   46.67   43.70   46.61   42.02   47.06   47.90   47.90   45.76   47.46   47.46
    14: Enterococcus_phoeniculicola_Cas9              34.51   34.51   37.17   41.59   39.82   40.71   34.51   37.17   36.28   38.05   46.49   43.22   70.00  100.00   66.67   65.83   67.50   68.33   64.71   60.00   65.83   60.83   60.83   67.50   67.50   68.33   63.33   64.17   64.17   50.83   46.67   47.50   42.50   47.50   45.83   47.46   47.46   48.31   49.15   45.00   45.00   42.02   46.61   42.02   47.06   47.90   47.06   47.46   47.46   49.15
    15: Pelagirhabdus_alkalitolerans_Cas9             35.40   35.40   38.94   41.59   40.71   41.59   32.74   33.63   34.51   34.51   40.35   38.98   65.00   66.67  100.00   70.83   74.17   75.83   63.87   62.50   64.17   56.67   56.67   64.17   64.17   65.00   58.33   60.00   60.83   51.67   52.50   52.50   44.17   46.67   46.67   46.61   46.61   46.61   51.69   50.00   44.17   42.02   44.07   42.86   47.06   47.90   46.22   47.46   45.76   44.07
    16: Streptohalobacillus_salinus_Cas9              36.28   36.28   39.82   41.59   42.48   43.36   33.63   34.51   35.40   34.51   40.35   38.14   64.17   65.83   70.83  100.00   86.67   90.00   61.34   63.33   61.67   61.67   60.00   65.83   66.67   67.50   58.33   62.50   63.33   47.50   46.67   45.00   41.67   45.83   45.83   49.15   49.15   52.54   52.54   49.17   48.33   43.70   50.00   47.90   47.06   47.90   50.42   47.46   45.76   45.76
    17: Halolactibacillus_miurensis_Cas9              33.63   33.63   38.05   38.94   40.71   41.59   30.97   33.63   33.63   34.51   38.60   38.14   63.33   67.50   74.17   86.67  100.00   92.50   58.82   60.83   60.83   60.00   60.83   66.67   67.50   68.33   60.00   64.17   65.00   49.17   50.00   48.33   45.00   43.33   44.17   47.46   47.46   50.00   52.54   50.83   46.67   44.54   46.61   47.06   47.06   47.90   47.90   46.61   44.92   44.92
    18: Halolactibacillus_alkaliphilus_Cas9           35.40   35.40   38.94   40.71   41.59   42.48   32.74   34.51   35.40   35.40   41.23   38.98   65.00   68.33   75.83   90.00   92.50  100.00   62.18   64.17   65.00   63.33   62.50   70.00   71.67   72.50   60.00   65.83   66.67   49.17   47.50   46.67   42.50   44.17   44.17   48.31   48.31   50.85   53.39   50.00   46.67   44.54   46.61   47.06   46.22   47.06   47.90   46.61   44.92   44.92
    19: Enterococcus_ratti_Cas9                       39.29   39.29   41.07   44.64   43.75   43.75   35.71   37.50   38.39   35.71   39.82   40.17   67.23   64.71   63.87   61.34   58.82   62.18  100.00   84.03   64.71   63.03   61.34   63.87   64.71   63.03   64.71   64.71   63.87   47.90   47.06   46.22   46.22   46.22   44.54   52.14   52.14   50.43   52.14   47.90   47.06   39.50   50.00   45.38   51.26   50.42   48.74   50.85   50.00   49.15
    20: Enterococcus_villorum_Cas9                    34.51   34.51   38.05   38.94   39.82   39.82   34.51   34.51   34.51   34.51   42.98   38.98   64.17   60.00   62.50   63.33   60.83   64.17   84.03  100.00   60.00   63.33   56.67   60.83   61.67   63.33   64.17   65.00   64.17   46.67   45.83   45.00   40.83   45.83   45.00   51.69   50.85   51.69   51.69   45.83   50.83   39.50   49.15   48.74   52.94   52.10   50.42   50.85   47.46   46.61
    21: Listeria_innocua_Cas9                         37.17   38.05   40.71   44.25   40.71   40.71   35.40   36.28   37.17   36.28   41.23   38.14   63.33   65.83   64.17   61.67   60.83   65.00   64.71   60.00  100.00   59.17   57.50   62.50   64.17   65.83   55.83   60.00   61.67   50.00   49.17   49.17   45.00   50.00   44.17   48.31   47.46   49.15   46.61   49.17   40.00   41.18   46.61   39.50   47.90   47.06   43.70   48.31   44.92   50.85
    22: Streptococcus_phocae_Cas9                     33.63   33.63   36.28   39.82   39.82   39.82   36.28   36.28   36.28   35.40   42.11   38.14   60.00   60.83   56.67   61.67   60.00   63.33   63.03   63.33   59.17  100.00   63.33   64.17   65.00   65.00   67.50   70.00   68.33   45.00   44.17   44.17   44.17   45.00   43.33   44.07   42.37   45.76   45.76   44.17   42.50   43.70   44.92   47.06   50.42   50.42   48.74   46.61   44.92   47.46
    23: Streptococcus_pseudoporcinus_Cas9             38.05   38.94   42.48   44.25   44.25   44.25   36.28   37.17   38.05   36.28   43.86   41.53   59.17   60.83   56.67   60.00   60.83   62.50   61.34   56.67   57.50   63.33  100.00   60.83   61.67   60.83   70.00   70.00   69.17   46.67   47.50   47.50   44.17   44.17   40.83   44.07   44.07   46.61   46.61   47.50   40.83   40.34   43.22   40.34   44.54   43.70   45.38   47.46   42.37   43.22
    24: Listeria_aquatica_Cas9                        34.51   34.51   38.94   40.71   40.71   40.71   37.17   35.40   35.40   37.17   42.11   40.68   62.50   67.50   64.17   65.83   66.67   70.00   63.87   60.83   62.50   64.17   60.83  100.00   92.50   91.67   66.67   70.00   70.83   45.83   47.50   45.83   40.83   44.17   40.83   47.46   48.31   46.61   50.00   46.67   40.83   42.02   45.76   42.86   52.10   49.58   48.74   44.92   46.61   47.46
    25: Listeria_kieliensis_Cas9                      34.51   34.51   38.94   41.59   41.59   41.59   37.17   34.51   36.28   36.28   41.23   40.68   64.17   67.50   64.17   66.67   67.50   71.67   64.71   61.67   64.17   65.00   61.67   92.50  100.00   98.33   65.00   71.67   72.50   46.67   45.00   45.00   41.67   44.17   40.83   48.31   48.31   49.15   49.15   45.83   41.67   42.02   44.92   42.86   50.42   48.74   47.06   44.92   46.61   48.31
    26: Listeria_valentina_Cas9                       33.63   33.63   38.05   40.71   40.71   40.71   36.28   33.63   34.51   35.40   42.11   39.83   65.00   68.33   65.00   67.50   68.33   72.50   63.03   63.33   65.83   65.00   60.83   91.67   98.33  100.00   64.17   70.83   71.67   47.50   45.83   45.83   40.83   45.00   41.67   49.15   48.31   50.00   50.00   46.67   42.50   41.18   45.76   42.02   51.26   49.58   46.22   44.07   45.76   47.46
    27: Streptococcus_iniae_Cas9                      35.40   36.28   39.82   38.94   39.82   39.82   36.28   36.28   36.28   35.40   44.74   43.22   63.33   63.33   58.33   58.33   60.00   60.00   64.71   64.17   55.83   67.50   70.00   66.67   65.00   64.17  100.00   75.00   74.17   43.33   43.33   42.50   41.67   43.33   41.67   41.53   42.37   40.68   44.92   43.33   40.83   40.34   42.37   39.50   47.90   47.06   42.86   45.76   40.68   41.53
    28: Streptococcus_pyogenes_Cas9                   32.74   33.63   38.94   39.82   38.94   38.94   37.17   38.94   38.05   37.17   42.98   43.22   65.00   64.17   60.00   62.50   64.17   65.83   64.71   65.00   60.00   70.00   70.00   70.00   71.67   70.83   75.00  100.00   95.00   47.50   45.83   45.00   45.00   44.17   44.17   41.53   41.53   44.07   47.46   47.50   41.67   41.18   41.53   40.34   45.38   43.70   44.54   44.07   40.68   40.68
    29: Streptococcus_dysgalactiae_Cas9               32.74   33.63   39.82   40.71   39.82   39.82   38.05   38.94   38.05   37.17   45.61   44.07   65.83   64.17   60.83   63.33   65.00   66.67   63.87   64.17   61.67   68.33   69.17   70.83   72.50   71.67   74.17   95.00  100.00   46.67   47.50   46.67   43.33   45.83   43.33   42.37   42.37   44.92   49.15   47.50   43.33   42.02   42.37   41.18   44.54   42.86   45.38   44.92   41.53   43.22
    30: Companilactobacillus_mindensis_Cas9           31.90   31.90   36.21   36.21   37.07   37.93   32.76   33.62   33.62   33.62   41.03   39.67   44.17   50.83   51.67   47.50   49.17   49.17   47.90   46.67   50.00   45.00   46.67   45.83   46.67   47.50   43.33   47.50   46.67  100.00   74.80   74.80   67.48   69.92   68.29   47.11   47.93   48.76   47.11   52.46   47.15   44.63   45.00   44.63   47.11   47.93   47.11   47.50   46.67   46.67
    31: Companilactobacillus_heilongjiangensis_Cas9   36.21   35.34   37.07   37.93   39.66   39.66   35.34   37.07   36.21   34.48   46.15   38.84   44.17   46.67   52.50   46.67   50.00   47.50   47.06   45.83   49.17   44.17   47.50   47.50   45.00   45.83   43.33   45.83   47.50   74.80  100.00   94.31   65.04   65.85   65.04   47.93   48.76   51.24   52.07   54.92   51.22   46.28   50.83   47.93   55.37   55.37   47.93   50.83   50.83   53.33
    32: Companilactobacillus_huachuanensis_Cas9       35.34   34.48   35.34   37.07   37.93   37.93   34.48   36.21   36.21   35.34   44.44   38.02   43.33   47.50   52.50   45.00   48.33   46.67   46.22   45.00   49.17   44.17   47.50   45.83   45.00   45.83   42.50   45.00   46.67   74.80   94.31  100.00   64.23   65.85   63.41   47.93   48.76   52.07   52.07   54.10   50.41   45.45   48.33   47.93   55.37   55.37   47.93   51.67   50.83   52.50
    33: Companilactobacillus_versmoldensis_Cas9       35.34   36.21   37.93   37.93   38.79   37.93   34.48   36.21   36.21   34.48   40.17   38.84   39.17   42.50   44.17   41.67   45.00   42.50   46.22   40.83   45.00   44.17   44.17   40.83   41.67   40.83   41.67   45.00   43.33   67.48   65.04   64.23  100.00   68.29   72.36   48.76   49.59   52.07   52.89   50.82   45.53   44.63   46.67   45.45   50.41   48.76   44.63   46.67   45.83   48.33
    34: Companilactobacillus_allii_Cas9               33.62   33.62   37.07   37.93   36.21   36.21   34.48   34.48   34.48   35.34   45.30   41.32   43.33   47.50   46.67   45.83   43.33   44.17   46.22   45.83   50.00   45.00   44.17   44.17   44.17   45.00   43.33   44.17   45.83   69.92   65.85   65.85   68.29  100.00   79.67   48.76   49.59   48.76   52.07   50.82   47.15   43.80   49.17   43.80   50.41   48.76   44.63   48.33   46.67   50.83
    35: Companilactobacillus_baiquanensis_Cas9        32.76   33.62   37.93   37.07   34.48   35.34   36.21   36.21   36.21   37.07   43.59   41.32   44.17   45.83   46.67   45.83   44.17   44.17   44.54   45.00   44.17   43.33   40.83   40.83   40.83   41.67   41.67   44.17   43.33   68.29   65.04   63.41   72.36   79.67  100.00   46.28   47.11   47.11   51.24   49.18   46.34   42.98   47.50   43.80   50.41   51.24   44.63   49.17   46.67   49.17
    36: Gemella_bergeri_Cas9                          37.72   36.84   40.35   41.23   40.35   41.23   35.09   36.84   35.96   35.09   40.87   40.34   48.31   47.46   46.61   49.15   47.46   48.31   52.14   51.69   48.31   44.07   44.07   47.46   48.31   49.15   41.53   41.53   42.37   47.11   47.93   47.93   48.76   48.76   46.28  100.00   96.69   66.94   66.12   49.17   57.02   45.38   48.74   47.06   50.42   50.42   53.78   50.42   51.26   53.78
    37: Gemella_massiliensis_Cas9                     37.72   36.84   40.35   41.23   40.35   41.23   35.09   36.84   35.96   35.09   40.87   39.50   48.31   47.46   46.61   49.15   47.46   48.31   52.14   50.85   47.46   42.37   44.07   48.31   48.31   48.31   42.37   41.53   42.37   47.93   48.76   48.76   49.59   49.59   47.11   96.69  100.00   67.77   67.77   50.83   57.85   45.38   48.74   47.90   52.10   52.10   55.46   50.42   52.94   54.62
    38: Gemella_cuniculi_Cas9                         36.84   37.72   38.60   39.47   40.35   41.23   36.84   38.60   40.35   37.72   39.13   35.29   50.85   48.31   46.61   52.54   50.00   50.85   50.43   51.69   49.15   45.76   46.61   46.61   49.15   50.00   40.68   44.07   44.92   48.76   51.24   52.07   52.07   48.76   47.11   66.94   67.77  100.00   76.86   55.00   55.37   47.06   50.42   56.30   52.94   52.10   57.14   52.10   55.46   56.30
    39: Gemella_haemolysans_Cas9                      37.72   37.72   38.60   38.60   37.72   38.60   34.21   35.96   36.84   35.09   40.00   36.97   50.85   49.15   51.69   52.54   52.54   53.39   52.14   51.69   46.61   45.76   46.61   50.00   49.15   50.00   44.92   47.46   49.15   47.11   52.07   52.07   52.89   52.07   51.24   66.12   67.77   76.86  100.00   55.00   57.02   45.38   49.58   52.10   55.46   54.62   55.46   50.42   54.62   53.78
    40: Agrilactobacillus_composti_Cas9               37.07   37.07   38.79   40.52   39.66   40.52   35.34   37.07   37.07   35.34   35.90   35.54   43.33   45.00   50.00   49.17   50.83   50.00   47.90   45.83   49.17   44.17   47.50   46.67   45.83   46.67   43.33   47.50   47.50   52.46   54.92   54.10   50.82   50.82   49.18   49.17   50.83   55.00   55.00  100.00   49.18   50.41   55.83   53.72   52.89   53.72   57.85   54.17   56.67   54.17
    41: Brochothrix_thermosphacta_Cas9                36.21   35.34   34.48   36.21   37.07   38.79   36.21   37.07   37.07   35.34   41.03   36.36   46.67   45.00   44.17   48.33   46.67   46.67   47.06   50.83   40.00   42.50   40.83   40.83   41.67   42.50   40.83   41.67   43.33   47.15   51.22   50.41   45.53   47.15   46.34   57.02   57.85   55.37   57.02   49.18  100.00   51.24   49.17   50.41   57.02   57.85   57.85   52.50   52.50   55.83
    42: Lacticaseibacillus_saniviri_Cas9              36.84   36.84   35.96   39.47   41.23   42.11   33.33   36.84   36.84   35.09   44.35   37.82   43.70   42.02   42.02   43.70   44.54   44.54   39.50   39.50   41.18   43.70   40.34   42.02   42.02   41.18   40.34   41.18   42.02   44.63   46.28   45.45   44.63   43.80   42.98   45.38   45.38   47.06   45.38   50.41   51.24  100.00   55.00   57.85   53.72   53.72   62.81   54.17   62.50   60.00
    43: Lentilactobacillus_diolivorans_Cas9           31.86   32.74   32.74   37.17   38.94   40.71   34.51   36.28   36.28   35.40   39.47   33.05   46.61   46.61   44.07   50.00   46.61   46.61   50.00   49.15   46.61   44.92   43.22   45.76   44.92   45.76   42.37   41.53   42.37   45.00   50.83   48.33   46.67   49.17   47.50   48.74   48.74   50.42   49.58   55.83   49.17   55.00  100.00   59.17   60.00   59.17   60.83   59.17   60.00   65.83
    44: Lactiplantibacillus_garii_Cas9                32.46   32.46   32.46   35.09   36.84   38.60   34.21   35.09   35.96   34.21   36.52   31.09   42.02   42.02   42.86   47.90   47.06   47.06   45.38   48.74   39.50   47.06   40.34   42.86   42.86   42.02   39.50   40.34   41.18   44.63   47.93   47.93   45.45   43.80   43.80   47.06   47.90   56.30   52.10   53.72   50.41   57.85   59.17  100.00   59.50   60.33   66.12   65.00   65.83   66.67
    45: Lentilactobacillus_kefiri_Cas9                37.72   37.72   37.72   42.11   43.86   42.98   37.72   39.47   39.47   36.84   45.22   39.50   47.06   47.06   47.06   47.06   47.06   46.22   51.26   52.94   47.90   50.42   44.54   52.10   50.42   51.26   47.90   45.38   44.54   47.11   55.37   55.37   50.41   50.41   50.41   50.42   52.10   52.94   55.46   52.89   57.02   53.72   60.00   59.50  100.00   95.04   69.42   63.33   64.17   65.00
    46: Lentilactobacillus_otakiensis_Cas9            36.84   36.84   36.84   41.23   42.11   42.11   37.72   37.72   37.72   35.96   44.35   39.50   47.90   47.90   47.90   47.90   47.90   47.06   50.42   52.10   47.06   50.42   43.70   49.58   48.74   49.58   47.06   43.70   42.86   47.93   55.37   55.37   48.76   48.76   51.24   50.42   52.10   52.10   54.62   53.72   57.85   53.72   59.17   60.33   95.04  100.00   69.42   64.17   65.00   64.17
    47: Latilactobacillus_curvatus_Cas9               36.84   36.84   38.60   42.11   43.86   45.61   40.35   39.47   40.35   38.60   40.00   36.13   47.90   47.06   46.22   50.42   47.90   47.90   48.74   50.42   43.70   48.74   45.38   48.74   47.06   46.22   42.86   44.54   45.38   47.11   47.93   47.93   44.63   44.63   44.63   53.78   55.46   57.14   55.46   57.85   57.85   62.81   60.83   66.12   69.42   69.42  100.00   66.67   72.50   68.33
    48: Levilactobacillus_senmaizukei_Cas9            36.28   37.17   37.17   40.71   41.59   43.36   38.94   35.40   35.40   37.17   38.60   38.14   45.76   47.46   47.46   47.46   46.61   46.61   50.85   50.85   48.31   46.61   47.46   44.92   44.92   44.07   45.76   44.07   44.92   47.50   50.83   51.67   46.67   48.33   49.17   50.42   50.42   52.10   50.42   54.17   52.50   54.17   59.17   65.00   63.33   64.17   66.67  100.00   70.00   73.33
    49: Levilactobacillus_zymae_Cas9                  38.05   38.05   40.71   46.02   46.02   47.79   37.17   40.71   40.71   38.94   41.23   37.29   47.46   47.46   45.76   45.76   44.92   44.92   50.00   47.46   44.92   44.92   42.37   46.61   46.61   45.76   40.68   40.68   41.53   46.67   50.83   50.83   45.83   46.67   46.67   51.26   52.94   55.46   54.62   56.67   52.50   62.50   60.00   65.83   64.17   65.00   72.50   70.00  100.00   77.50
    50: Levilactobacillus_hammesii_Cas9               38.05   38.05   38.94   45.13   45.13   46.02   39.82   42.48   41.59   39.82   42.98   37.29   47.46   49.15   44.07   45.76   44.92   44.92   49.15   46.61   50.85   47.46   43.22   47.46   48.31   47.46   41.53   40.68   43.22   46.67   53.33   52.50   48.33   50.83   49.17   53.78   54.62   56.30   53.78   54.17   55.83   60.00   65.83   66.67   65.00   64.17   68.33   73.33   77.50  100.00
